camera_matrix:
- - 358.9011887747121
  - 0.0
  - 147.56473779099682
- - 0.0
  - 224.84332478081453
  - 337.6046559944432
- - 0.0
  - 0.0
  - 1.0
dist_coeff:
- - -0.3905556022139057
  - 0.040921024555122976
  - -0.023325881568113382
  - 0.12642244958958881
  - -0.0014653734595476186
